DEN_MSE: 0.006384839094847898
DEN_RMSE: 0.07990518815976781
DEN_MAE: 0.058805682218991795
DEN_MAPE: 0.025091312556975293
CAL_MSE: 0.1413895370062685
CAL_RMSE: 0.3760180009072285
CAL_MAE: 0.34012557493356554
CAL_MAPE: 0.014832646547101888
GR_MSE: 140.82679003873682
GR_RMSE: 11.86704639068782
GR_MAE: 9.116336289391148
GR_MAPE: 0.08389793596532587
SP_MSE: 58.90716094564665
SP_RMSE: 7.675100060953385
SP_MAE: 6.661250778550368
SP_MAPE: 0.07933792624435454
