DEN_MSE: 0.0077969484090226766
DEN_RMSE: 0.08830033074129834
DEN_MAE: 0.06494227567085853
DEN_MAPE: 0.027670182952655335
CAL_MSE: 0.14486630272805226
CAL_RMSE: 0.380613061688708
CAL_MAE: 0.26751013779273425
CAL_MAPE: 0.011719195949620776
GR_MSE: 133.1155899656594
GR_RMSE: 11.537572966861767
GR_MAE: 8.833509031912001
GR_MAPE: 0.08394481813037785
SP_MSE: 51.37663392769867
SP_RMSE: 7.167749572055281
SP_MAE: 5.86982362706111
SP_MAPE: 0.06967468422023668
