GR_MSE: 201.00876796238128
GR_RMSE: 14.177756097576982
GR_MAE: 10.725645322594277
GR_MAPE: 0.10335594576541707
SP_MSE: 16.685068265179588
SP_RMSE: 4.084736009239714
SP_MAE: 3.1900886976975658
SP_MAPE: 0.03506655739764652
CAL_MSE: 0.1072203562727614
CAL_RMSE: 0.3274451958309381
CAL_MAE: 0.256951889331524
CAL_MAPE: 0.011397737529726053
DEN_MSE: 0.010358231583440786
DEN_RMSE: 0.10177539773167574
DEN_MAE: 0.06990893095456635
DEN_MAPE: 0.031370249403201766
