DEN_MSE: 0.0061629285163843734
DEN_RMSE: 0.07850432164145088
DEN_MAE: 0.04698963245245126
DEN_MAPE: 0.01992151826957723
CAL_MSE: 0.03565271632232142
CAL_RMSE: 0.18881926893810763
CAL_MAE: 0.12782780183645387
CAL_MAPE: 0.005572995116020776
GR_MSE: 159.24486727886585
GR_RMSE: 12.619226096669552
GR_MAE: 8.722852691533017
GR_MAPE: 0.07922500397721666
SP_MSE: 9.744684177065823
SP_RMSE: 3.1216476702321523
SP_MAE: 2.0431793377216043
SP_MAPE: 0.023102297736306735
