MSE: 0.010287941992642918
RMSE: 0.10142949271608785
MAE: 0.07941943802348087
MAPE: 0.0904479147691672
