MSE: 0.010560602113295651
RMSE: 0.10276479024109207
MAE: 0.07566997616661099
MAPE: 0.08523743731547358
