MSE: 0.006160096324419536
RMSE: 0.078486281122369
MAE: 0.05259741826293861
MAPE: 0.05984979341569842
