MSE: 0.010244668754656109
RMSE: 0.10121595108803803
MAE: 0.07383301564977106
MAPE: 0.08357715966748806
