MSE: 0.01763086127044498
RMSE: 0.1327812534601364
MAE: 0.10438244210958077
MAPE: inf
