MSE: 0.019120755083079297
RMSE: 0.1382778184781612
MAE: 0.10104508158816483
MAPE: inf
