MSE: 0.015562836177883801
RMSE: 0.1247510969005235
MAE: 0.09653935783467817
MAPE: 0.5276640411203275
