MSE: 0.002737110598799541
RMSE: 0.052317402446982596
MAE: 0.041921592252706204
MAPE: 0.3727887971745632
