MSE: 0.018612211393733778
RMSE: 0.1364265787657734
MAE: 0.10318725922000099
MAPE: inf
