MSE: 0.013616879329232666
RMSE: 0.11669138498292266
MAE: 0.08356257658556963
MAPE: inf
