MSE: 0.03360820731181939
RMSE: 0.18332541370966382
MAE: 0.14467612024075827
MAPE: 0.23728976253981013
