MSE: 0.01661451637488917
RMSE: 0.1288973094167957
MAE: 0.10222868216522289
MAPE: inf
