MSE: 0.030815255178759944
RMSE: 0.17554274459162345
MAE: 0.13820985282471793
MAPE: 0.23138870301778386
