MSE: 0.006287423693346115
RMSE: 0.07929327646998903
MAE: 0.05501657071212143
MAPE: 0.2259370140714809
