MSE: 0.00285682844560123
RMSE: 0.053449307250901114
MAE: 0.04275712949786488
MAPE: 0.4040311788503399
