MSE: 0.0187867468693841
RMSE: 0.13706475429294032
MAE: 0.12041322372300879
MAPE: inf
