MSE: 0.017143398038082305
RMSE: 0.1309327997030626
MAE: 0.09015794226654662
MAPE: inf
