MSE: 0.03273304892504841
RMSE: 0.1809227706095847
MAE: 0.14283806939833868
MAPE: 0.24021092346058506
