MSE: 0.018258177563742546
RMSE: 0.13512282399262734
MAE: 0.10074782176140154
MAPE: inf
