MSE: 0.018247772259227545
RMSE: 0.13508431537091026
MAE: 0.11094811951985274
MAPE: 0.49147299218039536
