MSE: 0.039927287099710766
RMSE: 0.19981813506213786
MAE: 0.13723725273364581
MAPE: inf
