MSE: 0.007769260531284348
RMSE: 0.08814340889303265
MAE: 0.0672790562294993
MAPE: 0.23818423683238632
