MSE: 0.032587613663376425
RMSE: 0.18052039680705453
MAE: 0.14229019422060235
MAPE: 0.24561818327936658
