MSE: 0.016420101369360007
RMSE: 0.12814094337626833
MAE: 0.1015779241421934
MAPE: inf
