MSE: 0.018553722979973937
RMSE: 0.13621205152252108
MAE: 0.10138603627774773
MAPE: inf
