MSE: 0.017699898724430636
RMSE: 0.133040966339059
MAE: 0.10497211648678396
MAPE: inf
