MSE: 0.018950766661773984
RMSE: 0.13766178359215742
MAE: 0.10302841008512656
MAPE: inf
