MSE: 0.017851132584210023
RMSE: 0.1336081306815196
MAE: 0.10504649557788509
MAPE: inf
