MSE: 0.031015576218959878
RMSE: 0.17611239655106586
MAE: 0.13843549898484067
MAPE: 0.2352542850467483
