MSE: 0.02968786049259086
RMSE: 0.17230165551320412
MAE: 0.13558447033151866
MAPE: 0.23323870626965687
