MSE: 0.02987179837170507
RMSE: 0.17283459830631445
MAE: 0.13543964819065957
MAPE: 0.23689993240598883
