MSE: 0.03245723641856329
RMSE: 0.18015891989730426
MAE: 0.1417440223267005
MAPE: 0.24351098371758564
