MSE: 0.0070204243397050045
RMSE: 0.08378797252413382
MAE: 0.07002281433525637
MAPE: 0.23737345008722682
