MSE: 0.004291461425288187
RMSE: 0.06550924686857716
MAE: 0.049579312734138126
MAPE: 0.46353224644895125
