MSE: 0.005526893044092854
RMSE: 0.07434307663860068
MAE: 0.05288421118765248
MAPE: 0.19676781943722949
