MSE: 0.013464623512576206
RMSE: 0.11603716435942497
MAE: 0.09299144786268247
MAPE: 0.4087673419288286
