MSE: 0.0024906002930449637
RMSE: 0.04990591440946618
MAE: 0.03939979545515657
MAPE: 0.3654851802960352
