MSE: 0.015587551698504499
RMSE: 0.12485011693428444
MAE: 0.08400246303446088
MAPE: inf
