MSE: 0.007701298293981071
RMSE: 0.08775704127864083
MAE: 0.06875816239207107
MAPE: 0.23797758725010176
